[0, 127.0, 314.53125, 314.53125, 314.53125, 314.53125, 236.03125, 208.28125, 63.5, 146.40625]
[127.0, 0, 314.53125, 314.53125, 314.53125, 314.53125, 236.03125, 208.28125, 63.5, 146.40625]
[314.53125, 314.53125, 0, 336.25, 336.25, 336.25, 257.75, 230.0, 251.03125, 168.125]
[314.53125, 314.53125, 336.25, 0, 212.5, 212.5, 134.0, 106.25, 251.03125, 168.125]
[314.53125, 314.53125, 336.25, 212.5, 0, 157.0, 78.5, 106.25, 251.03125, 168.125]
[314.53125, 314.53125, 336.25, 212.5, 157.0, 0, 78.5, 106.25, 251.03125, 168.125]
[236.03125, 236.03125, 257.75, 134.0, 78.5, 78.5, 0, 27.75, 172.53125, 89.625]
[208.28125, 208.28125, 230.0, 106.25, 106.25, 106.25, 27.75, 0, 144.78125, 61.875]
[63.5, 63.5, 251.03125, 251.03125, 251.03125, 251.03125, 172.53125, 144.78125, 0, 82.90625]
[146.40625, 146.40625, 168.125, 168.125, 168.125, 168.125, 89.625, 61.875, 82.90625, 0]
